-895 -116 -629 644 470 131 805 91 -553 318 895 -6 -431 557 -280 -900 888 -334 -238 258 -737 -789 -711 -454 68 -339 -537 639 80 -165 559 282 -578 -465 265 -594 -25 -573 842 -615 276 175 -678 533 -694 361 569 -945 -273 -580
787 319 400 444 396 308 667 -469 -492 -683 498 -541 -334 365 -974 511 -303 -630 282 581 -579 -476 275 -784 633 435 -521 42 -302 605 349 -209 -884 -339 907 733 -127 -944 865 -735 -483 -888 -786 -254 623 -660 -604 -416 -523 -737 350 699 -384 431 -718 752 435 -850 -200 609
737 490 597 -188 672 -341 -679 40 -812 660 250 809 -140 -678 669 -421 -693 160 -823 -425 549 -857 -452 -653 -662 -936 791 -526 939 -171 -860 -48 -63 21
373 -885 -361 954 -295 -895 746 694 -891 204 236 -981 389 547 686 -599 509 702 119 -118 -153 460 894 818 -842 139 -311 -451 -737 498 -358 864 523 407 -371 -286 89 435 -318 627 -395 703 -277 -975 -165 -44 355 -857 564 245 -819 411 -770 229 -301 597 66 -83 -12 469 -969 -779 -391
598 -14 -89 425 711 -121 646 -919 -108 831 -257 -14 821 21 -856 -226 207 -111 -668 57 -79 855 804 479 -747 614 -22 307 57 45 -690 -579 88 295 -575 -297 -316 -880 597
897 745 595 -799 167 299 335 -492 203 -601 -882 500 -239 -952 310 -458 349 -125 239 77 -623 386 883 -385 -750 -437 666 -853 -97 182 385 841 499 408 -477 -387 904 192 -750 -509
900 380 963 561 -447 574 682 361 893 -451 -897 786 810 -307 -770 -992 -847 -632 -847 341 419 118 -28 -778 -958 7 620 771 476 364 303 121 135 139 -214 716 687 -694 266 -624 60 -242
-319 -65 -720 896 -798 65 407 0 197 -24 558 858 -770 668 -836 -91 -231 -96 -998 -303 -947 895 772 -968 -115 -877 -844 -718 -145 809 831 -300 -352 -745 503 119 -200 -740 552 -447 -681 39 369 -931 -540 839 -553 879 -971 -535 -818 -585 -784 -201 -775 639 120 -88 794
377 -614 294 -749 -112 477 970 -499 -645 188 -358 67 -422 -837 -353 891 -478 988 -370 -183 -116 890 955 -215 518 207 913 -661 723 -373 319 569 218 795 -323 -65 -230 -866 95 550 205 -889 -768 986 211 535 391 403 506 185 316 -247 -179 713 -743 -805 277
452 -602 22 536 -889 51 -438 830 -260 -78 -469 -574 634 69 -249 -832 -448 -356 -85 153 389 -122 142 -681 -25 -856 -466 -895 784 -831 -474 -520 -199 -40 497 -707 419 989 -776 -752 390 -965 802 -683 851 -994 310 -660 161 304 668 909 -792 810 489 -962 -197 850 -894 357 -352 -491 -1000 219 -433
516 196 526 670 59 -33 558 -665 49 734 797 -325 -715 764 -749 614 -528 -571 442 -542 929 -523 -888 843 876 361 -333 -797 896 -697 965 -745 -614 972 803 -296 -41 875 -303 -52 329 -797 -383 -528 958 -459 48 743 -454 -417 556 420 -973 -797 -679 370 -415 -21 373 254
696 -957 419 123 -213 122 -586 588 246 -929 758 46 -941 875 863 92 -808 576 662 -639 556 -457 -763 -804 449 946 717 -23 -943 415 774 629 -153
-37 805 308 -512 616 -253 -563 -964 109 364 194 837 708 -214 534 -636 -451 -73 -248 837 839 96 268 30 -98 552 -384 -859 665 223 305 -401 -671 300 -957 -958 34 214 670 541 -385 296 971 665 966 -357 -206 -513 370 451 -912 892 210 -860 526 -124 -516 689
-505 53 668 -414 -124 952 -498 500 867 -497 -881 373 193 63 -759 -548 -101 -822 -620 510 -8 698 325 775 -536 -576 765 698 -93 913 673 -186 438 847 393 847 843 241 856 -896 580 -864 -155 -944 571 148 -228 -683 -603 425 995 212 -471 -984 273 99 -650 890 436 641 545 -345 -299 -635 421 368 756 -784 -627 -369 399 835 398 -15
194 -270 778 725 805 -418 -925 146 -458 -839 -51 -889 67 -459 580 -294 -149 185 216 885 -532 34 516 -48 348 975 33 -941 -295 313 742 -392 -693 406 -33 -741 20 536 -957 713 571 802 -100 -534 -233 -388 397 889 -767 881 -1000 880 -596 205 -874 -6 785 336 352 -473 -313 -945 558 468 356 142 -100 -605 -352 901 679
346 477 -495 879 514 -195 -96 556 -258 829 -868 -791 329 -319 825 744 -233 886 110 -424 20 -307 489 374 -490 -37 277 -72 -829 645 -772 -564 281 595 456 128 541 50 -647 177 932 987 307 979 -833 735 -490 -834 -719 -995 -705 71 95 -556 -852 -651 665 296
-602 11 -279 351 518 336 -949 76 -683 229 997 -630 -444 -596 -506 229 671 291 229 954 -611 158 632 830 220 -748 -261 39 737 -678 9 -213 -21 -883 661 -148 -273 -82 -637 654 658 780 980 -848 -371 -642 79 787 615 288 -166 -558 623 -766 -483 -310 345 361 -826 476 -384 108 -823 -50 -927 432 829 -103 -68
947 -575 -459 991 -993 -202 -480 962 457 -233 -762 -207 701 720 188 887 223 -996 -903 920 163 441 -441 934 313 413 312 158 906 -718 676 -917 279 -978 -282 529 -562 -654 705 579 631 745 -888 -785 -52 -525 -480 512 -759 64 -374 -504 606 -152 528
-349 -457 -627 -234 -815 -244 -359 840 272 143 22 530 592 92 -555 -773 274 -565 -831 -9 687 887 697 647 -367 171 824 -244 -742 -234 -839 137 261 662 151 657 -697 634 -49 142 -537 -166 63 -219 117 298 656 960 132 231 787 -923 -979 -633 412 -268 579 -892 -924 -153 220 -234 622 -936 978 -730 -547 185 -781
386 295 -605 -875 654 657 992 253 -210 -443 -28 817 -847 -85 604 -607 -188 372 637 -426 -600 -175 -849 -57 193 11 -749 612 497 -318 302 -992 -971 -114 -42 242 -856 -536 -533 -528 378 889 291 -608 -674 754 -925 793 -539 235 -468 822 -418 835 -464 -188 -444 -305 -903 -59
-75 977 717 712 -985 -910 886 -375 -916 -61 755 791 927 -916 -981 -579 -1000 -980 -220 -377 491 249 -535 -472 -993 -833 -962 -808 -650 -358 778 798 836 609 -445 590 181 526 496 -633 700 -616 -549 -666 738 -731 173 7 660 382 762 256 -952 183 -244 -675 -702 -70 667 -845 902 618 631
-533 -526 -621 -991 -62 607 -426 -314 -965 284 -266 40 -496 526 -704 507 527 -847 -167 -29 620 442 -972 -624 -565 -913 -37 296 363 -275 -535 -901 -267 -115 651 377 690 312 -209 307 -583 548 853 -198 330 -556 290 -558 982 -779 -574 -915 92 -732 180 218 705 -458 -522 345 -928 -904 -775 -524
-265 -393 857 47 420 -401 -314 807 725 -624 -538 -943 291 350 -848 580 -343 962 144 448 -667 692 621 -21 -525 247 -86 -177 -649 452 797 122 447 -975 764 928 -331 -157 846 -899 -424 165 333 -7 -238 916 846 -98 -532 322 463 889 -129 243 -810 -437 -72 196 712 186 550 -149 -278 -268 558 999
-292 -724 143 986 -197 -960 -326 -87 404 907 73 -379 -836 51 119 855 603 -854 -564 113 35 423 -910 128 96 -114 -968 -104 -919 668 250 691 -968 -696 -483 643 266 -952 -927 715 0 625 -524 -331 -937 905 -101 412 -13 895 916 -633 -695 915 -974 -161 -862 -604 13 352 -74 593 345 -61 194 170 -290 -350 -294
-709 -376 803 379 891 121 -926 -8 -881 -797 896 -43 608 864 235 696 -171 -894 -713 421 -625 927 464 -230 159 -965 221 858 567 -332 570 -118
-799 840 -40 -820 -820 953 959 -589 -12 296 909 354 666 -288 958 566 111 384 -996 567 -520 340 947 893 781 -923
113 -250 -239 100 -400 -399 5 -712 275 -833 215 349 -587 -425 -162 -119 -995 396 959 -380 115 -373 175 -187 596 -503 -377 -181 553 359 -717 27 383 -397 832 188 475 -397 384 387 -910 850 599 -159 -365 323 -705 380 -293 -142 -162 862 657 -982 357 511 -228 -381 -26 141 645 695 -31 -867 913 669 425 71 27 841 -189 304 821
-242 109 -340 261 -302 937 -468 750 -128 989 -523 -280 -563 202 -389 -262 -184 -685 160 -135 94 -271 616 -53 -24 240 -634 -101 -381 -175 23 124 449 -656 -841 -185 959 -676 -263 -114 342 -983 -793 456 -928 772 626 -316 -419 -904
-258 598 208 381 -745 754 -600 518 810 -81 985 410 -746 613 -20 880 428 -741 430 -438 287 305 525 675 811 942 906 -373 -409 -353 -728 -67 -833 -292 -433 -857 -577 807 528 -300 -465 63 352 -578 -390 975 293 -232 784 495 -345 -426 294 -595 -79 735 250 367 932 -183 -475 821 -687 -853 -251 -195 -132
54 309 277 -666 967 560 -871 -151 401 -504 856 -940 367 807 -721 -493 967 -204 364 -813 -169 925 548 -640 481 -575 627 -362 126 -489 561 922 298 -737 36 102 149 841 -640 395 340 14 -48 -653 -450 -878 366
-29 170 -388 -411 926 -529 584 628 354 -664 -679 942 -769 156 -793 236 474 374 266 -791 649 930 885 -856 222
378 -343 411 -766 -989 907 274 448 82 -406 739 607 -59 -596 260 -972 217 -48 -230 478 379 639 550 -300 573 359 788 -533 97 -903 601 719 -76 -943 84 -866 38 -349 889 334 87 -566 -612 134 -819 770 530 -287 -345
397 139 -878 128 -618 -387 909 -517 -330 655 -689 -739 130 -167 843 849 97 -547 874 125 541 -156 783 877 51 -464 -975 -719 338 -926 -826 -88 -122 -807 851 426 474 981 900 -881 423 -310 -417 208 -778 -58 955 724 -391 189 860 806 258 -773 26 760 -271 -689 -488 658 -775 -467 461 675 -920 -198 -707 340 -500
85 -935 -790 -507 -768 -826 -156 -58 -36 -970 -798 -344 -429 403 666 765 392 425 140 696 723 -898 89 -709 -286 5 -793 263 -704 714 128 978 -123 408 -157 860 28 772 99 492 -504 500 339 0 176 -425 -900 -835
760 497 -400 706 724 186 825 -773 424 558 -45 882 -234 -480 -499 -948 -442 -695 465 -283 -982 118 204 -383 -278 649 -802 -547 -52 636 714 741 -590 -810
43 622 -735 469 433 -553 -320 -573 378 -656 -905 483 666 -738 55 454 83 -197 -349 988 -509 -385 28 447 -711 -787 0 -896 -846 -583 831 927 273 -368 -174 -677 987 -624 131 -887 -922 -531 -451 298 16 -28 -342 -121 -346 444 399 846 -337 -715 -421
299 -757 877 -856 592 -435 30 837 65 866 157 -311 -514 618 176 137 -948 290 213 541 -521 924 401 755 -340 893 -686 -77 759 -361 -166 273 96 22 190 -834 768 113 189 -392
-922 297 -28 -887 -610 -201 -995 270 390 865 -58 -775 709 987 -630 714 906 -367 -71 -296 -206 -672 881 479 326 -155 296 -665 -119 523 -895 10 188 282
-178 112 -859 705 308 167 432 -332 143 658 -523 -978 -405 329 -852 -614 -872 -192 940 -62 48 -554 61 -949 -543 621
235 -624 456 932 514 -613 453 663 481 943 72 427 426 690 -253 -824 -665 -10 337 45 844 -688 -1 694 279 472 -400 254 -398 -393 -91 34 -243 439 445 -385 164 47 -40 -798 643 -469 -39 -52 -899
-782 -692 -226 -654 -248 -674 95 465 -967 -670 -122 344 412 -882 407 829 343 -322 168 -420 -917 224 75 571 160 916 -951 684 -407 -616 62 837 -158 992 119 -584 -542 855 226 243 936 -113 372 -152 261 587 -354 255 -286 564 278 143 402 -124 789 571 -58 159
-143 -189 359 -125 647 644 -992 30 297 988 -542 -950 853 223 713 -308 820 -576 436 -807 851 -368 704 669 -658 -447 -55 728 -945 90 -897 333 -129 217 -118 175 926 -907 -187 106 547 -521 -250 -319 856 -969 -29 -342 -42 330 -177 598 638 740 624 29 144 -992 439 314 -463 -118 -953 169 -745 837 6
-451 907 -605 -635 832 -907 677 628 523 486 -226 -156 -773 877 467 427 653 -536 938 -407 666 -505 -766 643 350 -831 133 -361 592 612 -626 -888 841 794 -443
-155 -129 -856 -209 247 680 -426 -214 551 745 646 -470 713 -225 -722 -487 -818 -880 490 983 -188 -4 108 -878 -734 890 -389 -970 279 -47 -36 717 329 206 24 -533 -454 701 413 -504 74 -902 258 50 -632 -849 27 743 645 329 -279 -122 -410 787 -184 164 301 663 580 860 445 321 -878 119 -398 160 -618 151 915 -262 584
790 -70 -908 240 -357 -750 -664 -588 -783 -309 -347 757 -810 -473 -448 143 123 552 840 423 -192 -52 695 -387 228 892 967 -720 864 -832 253 513 865 -388 -915 -857 479 -631 -393 576 -258 534 -467 -548 -225 -45 884 -629 -916 693 893
715 -474 -718 196 -192 54 -339 860 -305 -426 190 787 -988 409 30 151 198 887 707 638 -341 106 -293 854 -485 -334
539 -407 -545 349 551 -647 682 -786 378 402 357 102 390 -998 -784 979 347 -42 -44 23 -504 -512 844 522 -744 110 -200 -619 607 -34 -759 -266 -653 49 60 91 -413 -503 -786 -916 563 -512 401 321 -410 -724 -867 -286
-76 757 -30 -226 899 -796 -963 -5 -208 -293 272 686 15 613 115 -620 -514 203 896 -395 722 850 772 62 -438 -447 -178 110 556 -11 171 -865 969
433 -264 -262 -395 -956 564 911 760 -246 298 -535 -516 -207 -605 -457 -310 439 -647 951 636 -526 737 -601 371 -606
-654 628 82 -371 216 -315 295 776 -784 -565 960 -665 486 589 -436 672 973 654 187 -458 -780 560 548 -381 26 -175 -711 -526 569 -919 74 659 688 807 360
-530 -293 325 -984 -120 -503 -216 -337 -402 -350 -298 741 878 669 -880 139 -652 452 -884 975 -513 -869 878 -609 -462 -282 -509 -113 185 887 895 854 490 -657 -20 -990 27 -443 -935 -678
271 -257 853 -857 -583 271 69 -287 951 880 176 29 -93 234 -602 -216 582 -770 2 367 -849 280 -29 837 -931 793 51 108 -824 -662 855 -644 330 -820 -940 371 761 163 -13 145 957 -227 -166 804 -303 39 901 -866 717 -867 -503
-372 -803 -634 363 414 38 941 -150 -903 -952 407 206 648 760 132 -653 291 244 -478 -455 614 671 -132 -440 672 466 337 200 -839 514 -455 -293 -144 81 404 166 -41
-520 -985 -716 -450 247 641 -248 -103 -121 930 -58 -526 -545 -626 -517 -763 -604 -56 908 -892 -350 -275 -237 -89 -76 -313 -982 -477 -45 338 -764 -514 579 -284 -907 290 510 374 322 166 -645 917 523 843 -255 -886 -98 939 -560 -812 -476 184 889 -190
-163 55 786 -54 -428 280 992 -54 778 -916 -738 -850 -807 -803 -423 -987 -867 -177 747 -470 -96 658 514 -639 95 -693 265 -523 107 -142 -114 -980 913 804 447 497 -709 -24 656 466 -943 -724 742 935 -874 -552 266 -277
-688 102 -918 899 -28 -50 672 605 -28 241 -520 -134 -708 478 -584 864 986 637 -979 589 -112 618 -375 -81 241 45 -306 420 -262 -407 -818 616 765 -71 985 967
691 -353 303 712 489 -873 -533 -874 455 699 763 147 750 151 -434 -336 -275 -373 -320 -831 -322 -186 -51 403 -755 245 729 -628 163 -842 130 -550 340 -140 18 -400 271 -164 178 990 -316 -262 289 -242 444 650 -345 28 63
-858 789 826 -302 193 -493 -881 -464 375 -518 116 -773 828 -141 472 363 -677 686 -554 -143 413 906 55 556 -686 30 -389 366 -615 -882 525 -869 -485 -80
339 689 -772 361 -459 740 -298 228 675 540 322 -260 -595 -460 40 -640 -22 366 -182 605 979 205 -71 537 -373 753 489 566 166 -13 964 738 -802 481 335 802 992 -991 126 793 726 507 -213 -12 61 62 673 -973 145 348 903 927 587 58 858 703 488 222 688 -590 649 -582 472 207
735 469 -62 906 -183 -900 527 764 24 -970 290 156 -349 -143 -582 -963 -686 325 -210 952 -326 653 -598 781 12 973 -925 284 820 -292 116 -275
298 -529 950 706 -728 913 5 -752 -489 697 395 -255 -339 -501 -341 661 -800 460 -514 325 -12 691 -53 431 378 -820 -817
977 133 -999 966 -861 -851 179 -575 842 -617 297 -92 -560 693 -538 -863 329 485 -60 -206 -108 -628 -697 -594 -9 582 770 910 -51 -790 -331 -260 365 -271 7 -502 -807 -425 -165 -339 -20 -858 888 -708 -473 -20 549 -347 117 -447 639 -252 -20 194 -786 160 314 921 446 451 -145 483 703 933
16 57 -440 198 -623 452 -803 445 376 903 555 832 -712 560 -577 -26 -16 -436 -787 516 -844 -382 391 -961 168 -809 -649 -679 -147 -707 764 886 -947 97 -57 -219 -261 -31 -194 104 868 -264 387 970 -411 290 730 -864 -19
-593 722 747 -219 18 -599 -212 -615 -713 -784 367 923 -49 -502 -868 468 -388 876 513 931 -832 568 469 -632 -368 -540 -549 324 -742 431 338 -576 -135 336 50 -403 -35 534 -99 -285
-755 -795 -901 -1000 -558 966 -887 -611 -876 -931 702 -385 605 304 944 -839 -613 -30 151 -571 580 -949 667 144 -964 248 931 340 -908 -909 -208 -390 -625 -977
-57 -545 594 -247 934 103 -389 945 -172 -3 550 906 -875 -883 -288 218 -592 -964 268 -198 -232 641 -652 716 -515 -863 -129 -930 869 706 929 333 24 -230 -416 -951 -125 -3 -901 -833 -593 -634 509 -139 -906 -908 789 950 621 -652 -780 490 280 -323 -47 936 446 -656 335 -215 395 -17 534 817 -385 -817 78
1 -254 -899 -491 263 -708 -507 -836 706 111 -334 -232 799 -612 -16 -22 -199 623 -189 -258 -478 631 -195 425 -768 -973 759 666 -385 18 -410 115 860 724
-656 9 949 -430 292 415 -153 -784 512 -29 -423 887 -694 -914 191 -630 -141 382 185 -61 964 843 -42 809 -813 926 670 993 -657 -985 -387 -169 410 -764 665 -402 -993 -254 -574 -956 281 206 -343 946
-828 990 658 752 128 649 -674 539 -76 -278 477 681 -462 -913 325 -457 115 -290 -511 6 575 -876 942 35 895 418 -817 -858 217 253 -78 -290 488 -405 426 256 431 914 672 -993 544 197 -484 -71 -781 789 43 440 716 -475 -551 -414 807 999 -899
-176 90 659 296 -489 752 -658 -674 -700 -622 272 970 -465 281 -69 299 -1 465 -194 -195 898 -752 -454 472 -952 -471 998 254 -541 772 761 273 -831 910 380 -805 119 -493 310 -509 924 406 193