389 89 587 N/A -683 235 N/A -257 N/A 460 -796 N/A 298 104 133 -166 402 689 145 -960 501 595 -497 N/A 14 N/A 720 -719 N/A 946 507
-463 N/A -319 -146 N/A -603 N/A -52 N/A 373 356 695 N/A -645 N/A 329 292 -368 N/A 590 569 N/A -682 66 -739 N/A 233 -604 -820 87 167 -96 -193 -863 -752 N/A 275 197 -224 426 -985 N/A 954 -282 259 -590 486
415 -503 507 N/A -651 93 N/A 740 942 629 408 N/A 281 236 897 854 166 748 N/A -863 N/A 498 N/A -899 -170 N/A 991 -98 N/A -52 -443 388 81 337 -35 N/A -898 -149 325 N/A -377 153 N/A 608 861 N/A -597 553
209 N/A 468 950 -805 -247 370 N/A -583 N/A -312 N/A -428 -160 -515 N/A -852 N/A -490 -884 N/A 17 52 N/A 456 67 -134 571 -485 30 -434 N/A 485 179 -777 N/A 954 911 349 -933 789 -833 -84 111 517 620 -993 -276 -547 -936 -332 -554 478 N/A -367 N/A 411 -518 N/A 153 N/A -523 N/A 282 995 N/A 988 251 N/A -954 -718
-114 -598 -542 N/A 951 -490 419 N/A -740 661 -496 N/A -729 -26 -49 954 N/A 119 312 N/A 857 -483 N/A -34 687 383 N/A -134 N/A 299 -879 92 -428 -424
717 -320 -826 287 647 -969 N/A -987 N/A -846 -918 N/A 657 -374 N/A 27 367 680 976 -166 N/A -88 778 N/A -890
913 -403 35 -634 -251 N/A 38 N/A -73 N/A -292 -826 N/A -498 858 315 80 484 -568 84 N/A -306 -54 -886 N/A 143 258
62 -33 N/A 247 957 -75 N/A 719 521 363 -644 -330 N/A -571 -823 -330 -878 -55 N/A -618 547 319 N/A 768 641 N/A -175 95 -785 N/A -253 -487 N/A 258 N/A 347 -280 -407 -329 N/A 473 -267 -561 N/A -746 -291
-27 -978 N/A 134 186 490 811 -721 589 -845 -218 -567 112 276 N/A -928 622 N/A 32 N/A -983 496 N/A -287 N/A -670 -128 319 N/A -622 790 6 -472 N/A 353 N/A -359 550 -920 N/A 452 277 -667 N/A -340 -25 466 846 N/A -956 -181 N/A -219 N/A -362 N/A -449 755 668 662 -21 N/A -905 -674 865 311
-579 108 N/A 27 N/A 984 740 N/A -906 N/A -354 695 N/A 234 -797 -875 N/A 88 -292 -687 -592 107 N/A 311 N/A -33 -921 N/A -710 N/A -237 358 -274 154 -592 -988 498 -957 765 365 -378 N/A 298 69 11 -777 N/A -90 793 -552 N/A -672 695 325 -364 966 N/A -338
163 N/A 636 38 938 48 N/A 205 99 -675 -895 -981 110 N/A -712 41 406 539 N/A -685 964 N/A -205 529 245 -447 -98 N/A 130 671 N/A 252 269 668 552 N/A 574 -466 N/A -437 551 N/A -109 -971 945 N/A -999 N/A -428 905 N/A -766
-117 N/A -232 -545 N/A 957 N/A 386 849 197 N/A 815 878 -382 -754 -568 -545 478 988 303 N/A 80 N/A 310 256 -796 -445 -155 158 N/A -795 N/A -605 47
-608 -166 N/A 436 -766 -293 N/A -482 866 N/A -460 177 N/A -984 210 -750 N/A 941 257 108 N/A 805 602 N/A -646 862 -985 N/A -429 689 -331 -110 -210
-954 N/A -807 N/A 839 -820 -90 -741 -834 932 -753 N/A -439 N/A 664 -246 -100 350 N/A -134 -180 N/A -890 N/A -483 401 975 -821 35 -603 980 -996 -151 373 -610 513 N/A -744 -550 N/A 328 N/A 310 -284 -982 N/A 723 -198 -385 N/A -948 N/A 721 135 N/A -527
-53 -755 -246 N/A 494 512 N/A 901 231 -213 -992 -773 563 746 N/A -195 -171 -196 552 N/A 996 -267 -778 -980 480 971 N/A -491 N/A -329 N/A -67 N/A 177 N/A -63 319 982
-209 -870 -685 -137 N/A -138 -842 -178 640 N/A 685 N/A -113 N/A -930 520 618 N/A 944 N/A -534 899 749 768 -460 N/A 942 N/A 543 -877 -262 -391 -60 N/A 403 38 603 N/A -283 -651 61 -548 N/A -643 12 820 -866 N/A -789 -691 -181 N/A 280
-198 N/A 484 N/A 651 687 521 721 N/A 24 -675 N/A 614 -299 520 959 982 940 N/A -48 805 -919 N/A 595 -790 87 N/A -749 -357 N/A 726 -116 N/A -519 N/A 328 -28 910 192 N/A -915 811 N/A -985 570 N/A 860 -623 454 N/A -588 -710 N/A 126 -347 N/A -328 -439 -365 N/A 466 -755 -450 -663 -407 -936 516 -657 -509 891 329 -480 N/A 658
150 -232 477 -845 713 -777 N/A 718 820 143 N/A -150 N/A -27 -475 N/A 582 -789 185 N/A 940 N/A 778 -912 -372
-756 514 -661 -975 885 -602 72 222 N/A 311 N/A -32 N/A -214 -685 871 N/A 712 N/A -111 108 N/A -486 123 -98
79 N/A -937 -368 -776 -709 -78 539 N/A -412 727 N/A -402 -117 N/A -848 779 N/A 133 -45 N/A -976 -646 N/A -853 355 808 664 84 -28 361 N/A -776 -396 N/A 158 N/A -14 -681 -554 -872 -658 -371 134 N/A -950 -15 -151 573 965 N/A 588 N/A -188 N/A -228
884 -435 517 -608 N/A 547 836 -436 805 7 782 N/A -385 -98 N/A 286 N/A 324 700 -798 N/A 456 N/A -96 -140 N/A -67 N/A -856 573 N/A -13 -650 178 -296 N/A 630 4 -944 704 904 434 N/A -881 N/A -416 -441 616 -721 -905 N/A 645 -808 -682 N/A -497 -949
567 N/A 811 N/A 437 N/A -169 N/A -392 -201 265 -691 -822 N/A 601 653 N/A -295 N/A -649 -539 N/A 491 766 -43 -970 630 263 32 408 -77 197
-857 84 -361 -215 N/A 21 982 345 -415 -555 N/A 700 N/A -540 -1000 -822 N/A -250 N/A -600 -468 -208 -314 N/A 175 62 235 585 -489 N/A 221 -746 N/A 66 -981 -85 -562 511 -215 290 -556 N/A -773 N/A -46 23 -763 486 N/A 890 N/A -903 419 N/A -283 148 493 N/A -509 N/A 826 -870 -840 N/A 528 -203 N/A -669
-223 651 473 -715 -645 N/A -525 -669 -579 N/A -553 -370 N/A -855 -484 910 -419 N/A 53 -143 374 3 -499 46 -110 -264 228 -899 N/A -991 N/A 146 598 N/A -768 N/A -226 428 -760 N/A 474 14 N/A -790 N/A 82 N/A -438 -564 N/A -609 417
-312 443 N/A 785 -406 741 971 -888 -413 -183 N/A 606 12 N/A -324 669 -718 -34 -817 275 N/A -735 526 N/A 29 N/A 319 N/A 871 646 -495 -618 N/A -15 N/A 572 924 291 -60
92 962 973 N/A -801 -334 27 625 66 108 N/A -370 N/A -719 N/A 804 -187 N/A -67 -646 N/A 396 992 491 982 -910 N/A 798 -590 N/A -637 14 N/A 813 -962 405 -657 N/A -340 930 -89 435 -367 290 -274 N/A 230 N/A 438 -139 N/A 639 803 430 985 N/A -591 -744 -192 N/A -334
-928 86 385 637 N/A 671 565 388 N/A 475 575 N/A 354 163 -962 N/A 246 214 449 N/A -992 864 N/A -208 -596
-674 202 682 -316 -790 N/A 763 -170 -812 N/A -258 542 906 N/A 181 N/A -525 59 -435 N/A -302 N/A -113 423 88 401 -836
-124 -743 N/A -582 -461 -803 229 874 N/A -813 -512 N/A -759 145 N/A 731 -411 N/A -530 N/A 659 N/A 501 -688 N/A -975 46 -126 9 -579 972 N/A -924 -747 -24 N/A 227 714 637 -294 -418 -624 299 N/A 110 -109 152 N/A -41 386
-82 777 -12 -27 N/A 398 773 -530 N/A 257 570 N/A 857 N/A -409 -219 N/A -357 810 -500 241 N/A -621 N/A -8 N/A 497 993 -125 441 -603 2 -415 100 953 454 -847 266 511 -608 N/A -35 65 N/A -172 -760 N/A 545 -93 128 N/A 339 N/A 28 -187 -103 -324 -540 133 N/A 407 N/A -78 N/A -804
-14 N/A -153 N/A -327 -985 33 N/A 251 N/A 774 N/A -836 13 N/A 892 683 -328 -126 40 267 742 N/A 206 -554 936 -616 -954
927 N/A 186 N/A -916 N/A -233 476 768 -525 -990 534 484 -335 -485 -270 N/A 938 29 124 N/A -186 -355 269 355 -50 N/A 244 N/A -118 N/A 115 13 N/A 661 -540 N/A 906 -217 N/A 759 -275 129 N/A 700 957 956 714 N/A -11 454 -280 N/A -685 310 795 -310 -473 229 N/A 614 N/A -586 -378
659 296 520 N/A 972 -450 N/A -483 N/A 373 N/A -410 -363 -549 -741 N/A -907 -19 473 N/A 720 N/A 127 386 -54 -141 -260 908 N/A -183 589 N/A -439 475 890 -54 -285 -581 N/A 69 697 N/A 777 N/A 290 -98 -140 713 103 -129 N/A -478 N/A -254 N/A -885 N/A 996 -544 415 -694 -666 N/A 86 277 797 -584 -998
-958 310 N/A 45 N/A -18 93 -584 88 -261 N/A 68 -13 -110 -109 N/A 758 -987 N/A 915 336 626 -517 -21 N/A -111 486 -241 N/A -580 -615 -625 -277 N/A -179 850 -576 543 556 314 N/A -134 -985 873 -364 112 -694 -894 N/A 185 N/A -434 -640 N/A 503 N/A 996 N/A 481 328 325 N/A -449 -64 -857 N/A 466 -96 N/A -498 N/A 499
123 N/A 18 -111 -663 539 -79 86 N/A -58 355 488 991 168 -947 -285 N/A -380 -114 908 -993 -344 N/A 92 N/A 71 N/A 774 -405 N/A -104 -517 -693 -861 N/A 228 617 N/A -472 223 444 N/A 468 -122 -902 480 N/A -585 -283 -637 -219 N/A 122 N/A -560 N/A 23 -982 N/A -907 900 -520 534 189 N/A 615 830 N/A 285 -988
-862 N/A 893 N/A 885 -137 223 244 N/A 571 N/A 790 N/A 678 N/A 223 355 -48 787 N/A -18 -712 -56 853 N/A 44 297 N/A 189 -600 -726 799 325 -476 -337 75 N/A -712 705 780 777 N/A -914 -974 30 450 -348 -892 -599 -356 -748 N/A 761 N/A -122 N/A -166 506 -570 N/A -122 110 -866 N/A -875 -103 -507
-1 -255 N/A -642 -521 N/A -989 362 778 N/A 209 -32 522 -938 -941 -866 -516 103 N/A 418 -110 N/A 915 -994 500 -541 N/A 486 -786 N/A 672 N/A 170 N/A -830 -917 -945 -710 467 635 -631 -799 159 N/A -794 N/A -541 -195 316 N/A -290 N/A -168 935 N/A 607 -991 N/A 892 208 207 344 -631 827 N/A 328 -760 -346 N/A -23 N/A -930 -457
-985 -480 -861 N/A -728 -528 -405 N/A 282 -711 -143 N/A 833 -570 -684 N/A -474 N/A -191 325 465 953 -534 N/A 833 569 812 N/A -31 N/A 472 30 -692 -440 N/A 395 -899 -612 N/A 689 -823 N/A -989 -695 878 -680 981 348 N/A 143 873 101 343 N/A -269 742 386 N/A -511 894 -124 -479 N/A -228 N/A -826 N/A 25
-383 230 N/A -866 -102 N/A 680 -708 -316 -552 -356 179 N/A 109 -453 -353 324 N/A 246 448 -501 343 471 N/A -602 N/A -414 -993 N/A -696
-356 N/A -965 -663 331 N/A -335 280 835 N/A -287 N/A -918 852 N/A 540 -139 -849 271 949 -129 -792 657 N/A -435 43 63 203 -376 N/A 465 N/A 368 -24
703 N/A -403 0 423 -160 -850 622 -58 N/A -760 N/A -359 -371 454 74 N/A 20 N/A 503 -308 N/A -813 -433 955 379 -703 N/A -577 792 N/A 57 587 -659 -360 N/A -727 N/A 527 N/A 694 746 -105 133 N/A -12 N/A 192 -836 N/A 538 -668 169 415 N/A 583 N/A -80 289 98 567 282 797 -839 669
895 122 N/A -253 N/A 168 -530 -786 -665 -303 -4 N/A 225 -137 -692 N/A -523 827 372 N/A 3 201 N/A 873 939 -484
-18 352 718 -475 649 470 -85 -838 N/A 306 700 -327 N/A 123 453 587 -480 751 N/A -691 N/A 138 174 N/A 950 N/A -587 -715 N/A 668 302 N/A 668 397 596 997 761 N/A -261 N/A 537 -117 N/A -250 478
146 931 766 -844 623 N/A -566 338 -361 177 N/A -55 N/A -747 534 120 938 N/A -395 N/A -84 -590 -579 215 -435 N/A -901 N/A 727 -738 0 -613 463 673 -283 N/A -653 -442 4 -770 674 -31 -69 N/A -631 659 557 N/A -734 -4 N/A -757 N/A -360 N/A -883 388 N/A 122 N/A 634 570 N/A -28 -517 N/A 664 -985
951 -684 567 975 -394 N/A 573 N/A 358 -949 -440 N/A 321 N/A 984 962 N/A 557 434 953 N/A 32 -430 67 N/A -215 N/A -422 -749 246 -915 -480 -167 326 -715 545 N/A 445
-780 -144 -161 N/A 458 -412 N/A -266 -973 -319 834 N/A 443 N/A -747 523 -593 N/A -498 N/A 519 -94 421 N/A 841 87 98 N/A -34 N/A 247 -851 101 431 586 -121 -303 -603 889 -66 N/A 60 N/A -625 865 693
545 N/A 328 N/A 1 569 -894 N/A -329 -419 725 N/A 315 689 205 N/A 988 -16 130 363 431 -597 77 -639 699 N/A 539 445 N/A -80 N/A -567 -868 -865 -45 N/A 826 -567 -326 N/A -508 -343 N/A 62 -778 120 N/A 216 283 N/A -3 77 -855 N/A -7 179 -638 -921
-815 N/A -249 -503 N/A -518 236 771 502 -528 733 251 N/A -288 N/A 8 220 -48 263 N/A 935 N/A 359 604 235
-519 N/A 274 436 25 N/A -11 246 N/A 557 -991 -470 -157 712 721 -434 -771 750 -86 76 -775 56 -421 -684 N/A 325 N/A -836 36 N/A 703 N/A 474 N/A -432 -491 N/A 16 568 N/A 716 -680
55 569 N/A 780 388 -20 819 766 -940 -240 661 N/A 610 N/A 276 -636 -549 -488 N/A -252 N/A -121 N/A -754 N/A 360 N/A -849 -673 655 N/A 874 -180 697 351 -65 -779 15 160 604 552 N/A 280 N/A 953 N/A 43 N/A 498 -553 653 125 -76 -894 N/A 962 N/A 72 278 -346 -707 N/A -208 414
983 611 212 N/A -19 -15 -920 831 -972 -262 991 N/A 360 910 N/A -581 -740 250 N/A 302 526 950 N/A 540 N/A 638 N/A 985 N/A 167 -930 48
-141 -228 N/A 911 -677 N/A 620 -717 N/A -151 -760 -852 N/A 826 -340 466 -828 -765 -267 N/A 826 -954 861 N/A -891 479 -527 25 -640 N/A -537 N/A -621 -248 N/A 926 N/A -505 -740 308 N/A 575 752 -920 -571
-181 -422 -977 N/A -502 N/A -244 533 439 -380 N/A -432 N/A 60 148 -366 -51 77 -626 190 -622 N/A 188 N/A 37 78 823
169 933 -892 -777 120 N/A 404 412 N/A -395 281 -358 -130 -887 -185 N/A 5 -927 N/A -529 -328 -479 -788 N/A -36 303 N/A 394 N/A -839 591
303 -302 N/A -905 409 589 N/A 881 -229 -35 N/A -346 -36 211 N/A -689 -552 N/A 142 -299 -587 N/A -874 -392 729 816 809 N/A -780 250 N/A -97 301 814 N/A -523 -539 N/A 267 -235 383 N/A 422 N/A -344 -639 N/A 307 N/A -166 N/A -210 -831 -414 288 -542 -343 -231 -180 4 545
676 N/A 843 N/A -445 787 -773 -678 N/A -627 N/A -651 283 15 398 N/A -281 -8 -648 96 504 561 -425 -887 -777 N/A 662 -330 N/A 153 N/A -867 114
2 -26 -697 996 N/A -203 N/A -837 N/A -77 -278 N/A -742 N/A 226 -312 N/A 536 -596 -524 104 -998 250 292 -262 839 N/A 702 -329 -395 N/A -283 -452 175 -881 -7 662 N/A 369 N/A -540 84 N/A 142 778 N/A 976 853 734 -949
739 N/A 582 -390 N/A -357 -987 N/A 94 -911 N/A -279 N/A -619 929 547 217 -709 N/A 575 N/A 190 N/A -719 -83 -93 57 265 N/A -182 N/A -853 886 -485 -334 56 -353 973 -767 -652 -389 -81 -945 914 -372 216 N/A -878 847 267 N/A -469 N/A 898 N/A 973 -847 825 -625
-549 N/A 12 N/A 206 -712 -486 N/A -77 N/A 186 167 -280 -607 -815 -841 -935 60 N/A 812 -672 -910 N/A -355 -364 550 N/A 514
446 N/A 888 N/A 559 573 -631 869 N/A -169 -987 -911 N/A 125 138 534 -850 -841 N/A -349 -284 564 -187 914 N/A -182 499 108 883 N/A -254 463 N/A 961 736 805 -662 N/A 347 N/A -276 N/A 506 786 N/A -904 -123 0 807 -480 565 N/A 938 -884 N/A -815 N/A 654 N/A 813 -249 N/A 57 -529 549 83 -642 -355 -294 N/A 505 327
632 693 -840 829 N/A -46 -194 N/A -836 650 -131 N/A -860 -154 766 276 -948 497 N/A 658 -253 N/A -96 -591 634 N/A -652 645 138 326 N/A 217 N/A 240 380 855 -484 N/A -314 N/A -977 668 N/A 0 N/A -431 -850 N/A 996 -270 -270 -329
-496 N/A -645 N/A -244 216 -187 N/A 2 973 -41 507 N/A -943 N/A -824 725 -973 N/A -860 -285 N/A -747 N/A 707 -645 N/A -399 -748 N/A -220 N/A 320 452 605 -725 -811 569 793 99 446 N/A 41 938 187 -57 322 N/A 145 N/A -132 -297 529 93 315 N/A -86 N/A 911 N/A -50 319 473 -968 542 685 586 228 -417 -148
-479 N/A -350 -498 -980 600 254 N/A 732 -787 927 714 341 478 N/A -856 385 -724 -128 835 821 82 -328 N/A -412 -692 N/A -777 602 N/A 365 N/A 909 776 N/A -558 12 N/A -968 547 127 249 -851 N/A 212 717 -629 N/A -274 -384 940 N/A 645 N/A 323 -26 N/A -849 978 N/A -123 -518 N/A -466 -465 711
-666 236 141 695 697 -757 N/A 320 N/A 63 -905 945 -447 N/A -970 N/A 126 -987 102 598 N/A -360 -980 336 -11 N/A 13 -110 896 -741 277 -478 -979 N/A -921 251 691 16 N/A -174 991 -183 N/A -653 665 -537 N/A -86 N/A 268 86 N/A 287 -867 N/A 176 N/A 617 246
-561 90 N/A -60 N/A -50 738 693 -664 -344 845 N/A 302 -650 820 -614 831 -431 N/A 109 -288 948 N/A 632 N/A -577 103 920 N/A -545 N/A -226 -771 -527 -724 -863 723 -310 N/A -765 N/A -126 605 N/A -278 158 80 N/A 2 N/A -559 -645 883 -811