-6.5
0
6.5
23.5
-9.0
27.0
24.666666666666668
-33.0
-4.5
1.6666666666666667
23.5
47.0
0
35.0
11.0
5.0
-0.4
-27.0
-32.0
-25.8
9.166666666666666
-5.5
-0.6666666666666666
21.0
-2.0
20.5
-47.0
0
-2.5
-10.428571428571429
18.0
15.5
-19.0
-0.5
20.5
2.0
-18.666666666666668
8.0
0
9.5
2.6666666666666665
-2.0
-5.5
-11.8
-4.5
-35.0
-14.0
-20.0
17.0
12.666666666666666
4.666666666666667
25.0
37.0
-19.0
-22.333333333333332
3.5
-18.75
6.0
14.0
-21.666666666666668
-23.0
9.25
-7.0
12.2
2.0
